2.948252883567219207e-02
2.548377660643781108e-03
4.260796450777254440e-02
1.307593150071070277e-02
1.182328490704875543e-02
2.896659269251866328e-02
4.496271472891128634e-02
3.560610748189124014e-02
8.674979832611431907e-02
1.887461185819674092e-01
3.115594468795674764e-03
3.639323844097824834e-02
1.308014732466448830e-02
4.150523655222183514e-03
6.108208562804073871e-02
3.499593496467668513e-02
3.516485154583657430e-02
5.520863973308842362e-03
5.167640839956363225e-02
2.728279363295078863e-02
3.125207140910304243e-02
6.949808898937050172e-02
3.440498183062905974e-02
1.352665800609110201e-02
4.704324357236882442e-02
4.724309493514865926e-02
